20

101 3 1553365800 3 
300 304A 305 1557426600

102 3 1553365800 3 
300 304A 305 1602268200

103 3 1544207400 5 
313 314 315 316 324 1555957800

104 1 1597170600 4 
335 336 337 338 1602268200

105 3 1627583400 2 
353 354 1634668200

106 2 1587234600 3 
354D 355 356 1639074600

107 1 1526581800 2
366B 369 1539282600

108 0 1570818600 2 
356 358 1582828200

109 3 1133980200 4 
332 333 334 335 1148063400

110 2 953404200 2
328 329 961439400

111 3 1020969000 6 
347 352 353 354 354D 355 1033497000

112 2 1076524200 3 
355 356 357 1088447400

113 3 1110393000 3
369 371 372 1123612200

114 1 1162665000 5 
411 412 413 417 419 1173637800

115 3 1502908200 2 
421 423 1497033000

116 2 1600108200 2 
449 453 1608229800

117 3 970597800 3 
435 447 448 979324200

118 0 1565375400 4 
447 448 465 475 1568226600

119 3 1198866600 1 
461 1199298600

120 3 1436466600 2 
430 431 1442514600